-1.405461728572845459e-01
9.883773326873779297e-02
3.750272840261459351e-02
-1.395880710333585739e-02
1.303424872457981110e-02
-1.000089123845100403e-01
-8.718849718570709229e-02
-9.797798097133636475e-02
1.022683531045913696e-01
-2.848364412784576416e-02
2.282825559377670288e-01
-3.081007674336433411e-02
-2.238846123218536377e-01
-1.922944933176040649e-01
3.233970329165458679e-02
9.080912172794342041e-02
-1.737162768840789795e-01
-9.039313346147537231e-02
-3.125028312206268311e-02
-5.987846106290817261e-02
7.481203973293304443e-02
5.892568081617355347e-02
1.266589611768722534e-01
6.013308092951774597e-02
-1.765956729650497437e-01
-3.330946266651153564e-01
-1.170548722147941589e-01
-1.749278753995895386e-01
1.868026889860630035e-02
-8.663032203912734985e-02
-7.497984170913696289e-02
-1.023447327315807343e-02
-2.380706518888473511e-01
-8.267949521541595459e-02
-2.613727934658527374e-02
9.174466878175735474e-02
5.289119482040405273e-02
3.359119966626167297e-02
1.573066413402557373e-01
1.543198432773351669e-02
-1.329712122678756714e-01
-8.270281553268432617e-02
5.406325682997703552e-02
2.546375393867492676e-01
1.263389438390731812e-01
2.479244768619537354e-02
4.481258615851402283e-02
7.560696452856063843e-03
5.404260382056236267e-02
-2.014356553554534912e-01
9.424467384815216064e-02
1.085252761840820312e-01
9.032464772462844849e-02
5.630775541067123413e-02
9.103070944547653198e-02
-1.452415287494659424e-01
-1.302439812570810318e-02
1.066452264785766602e-01
-1.155587881803512573e-01
9.886074066162109375e-02
2.523571811616420746e-02
7.911557331681251526e-03
-7.951760292053222656e-02
4.473732039332389832e-02
2.686967849731445312e-01
7.331771403551101685e-02
-1.341118514537811279e-01
-1.069032773375511169e-01
1.078288257122039795e-01
-1.039550453424453735e-01
-3.021205775439739227e-02
1.314809322357177734e-01
-1.064196303486824036e-01
-1.504268795251846313e-01
-3.333870768547058105e-01
5.588614195585250854e-02
3.377998173236846924e-01
1.039898581802845001e-02
-2.251405119895935059e-01
2.809469960629940033e-02
-1.258338242769241333e-01
-3.749302029609680176e-02
7.410904020071029663e-02
4.722640663385391235e-02
-5.161646753549575806e-02
1.618848145008087158e-01
-1.695909053087234497e-01
8.525364845991134644e-02
1.530674844980239868e-01
-3.743791207671165466e-02
7.352747023105621338e-03
2.434641569852828979e-01
1.068753097206354141e-02
1.116397380828857422e-01
7.392618060111999512e-02
1.179455742239952087e-01
-5.594708025455474854e-02
-5.500195547938346863e-02
-1.281647384166717529e-01
4.006426036357879639e-02
1.525854021310806274e-01
-7.178004086017608643e-02
-8.507085591554641724e-02
6.822988390922546387e-02
-1.276979744434356689e-01
6.267131865024566650e-02
7.083192467689514160e-02
-5.314030498266220093e-02
-5.023918300867080688e-02
9.552774019539356232e-03
-1.201671808958053589e-01
-9.574455022811889648e-02
1.065415143966674805e-01
-2.727512717247009277e-01
1.718658953905105591e-01
1.783312559127807617e-01
-3.819439187645912170e-02
1.305556297302246094e-01
2.091679535806179047e-02
4.911953955888748169e-02
-2.867102995514869690e-02
-4.810436815023422241e-02
-1.052525043487548828e-01
-6.814829260110855103e-02
6.478046625852584839e-02
-1.872800663113594055e-02
-1.260746084153652191e-02
1.352256350219249725e-02
