-2.011952251195907593e-01
7.059690356254577637e-02
5.149228125810623169e-02
1.271489448845386505e-02
2.502705156803131104e-02
-8.150833100080490112e-02
-7.543048262596130371e-02
-9.041555970907211304e-02
8.938758820295333862e-02
1.321568898856639862e-02
2.376108914613723755e-01
7.473743055015802383e-03
-1.977117359638214111e-01
-1.912823319435119629e-01
4.327724128961563110e-02
9.496565908193588257e-02
-1.950272619724273682e-01
-1.056774482131004333e-01
1.214565429836511612e-02
-3.350690752267837524e-02
6.654447317123413086e-02
2.220441121608018875e-03
9.484121948480606079e-02
7.575178891420364380e-02
-1.418545097112655640e-01
-3.426128923892974854e-01
-1.035294011235237122e-01
-1.406840085983276367e-01
3.574299067258834839e-02
-6.506755203008651733e-02
-2.994176372885704041e-02
3.485513105988502502e-02
-2.313449382781982422e-01
-7.932233065366744995e-02
1.933871209621429443e-02
9.599550068378448486e-02
5.502522364258766174e-02
5.210663378238677979e-02
1.888914853334426880e-01
-1.896512508392333984e-02
-1.290832012891769409e-01
-6.575825810432434082e-02
7.465603202581405640e-02
2.803883552551269531e-01
9.736371040344238281e-02
6.910505145788192749e-02
1.955122500658035278e-02
2.998289838433265686e-02
7.304108142852783203e-02
-2.068457305431365967e-01
6.740158796310424805e-02
1.404996067285537720e-01
1.426340341567993164e-01
2.989118918776512146e-02
9.179413318634033203e-02
-1.366989016532897949e-01
2.238570712506771088e-02
8.342918753623962402e-02
-1.357398033142089844e-01
1.157748997211456299e-01
6.863726302981376648e-03
-5.096159875392913818e-02
-9.909958578646183014e-03
2.850764244794845581e-02
2.404911369085311890e-01
5.101465061306953430e-02
-1.212580874562263489e-01
-9.213514626026153564e-02
9.350593388080596924e-02
-5.596854537725448608e-02
-2.654579654335975647e-02
1.228371784090995789e-01
-1.116726845502853394e-01
-1.917888820171356201e-01
-3.325673043727874756e-01
6.561726331710815430e-02
3.526481688022613525e-01
4.914616048336029053e-02
-2.268368899822235107e-01
4.259693250060081482e-02
-8.104281872510910034e-02
-4.799530655145645142e-02
8.315227180719375610e-02
6.842853128910064697e-02
-6.614460796117782593e-02
8.742809295654296875e-02
-1.659006476402282715e-01
4.120869934558868408e-02
1.542986482381820679e-01
8.050546050071716309e-03
-5.559701472520828247e-03
1.940107792615890503e-01
1.179549284279346466e-02
1.025475785136222839e-01
3.897215798497200012e-02
9.201843291521072388e-02
-3.710249066352844238e-02
-2.856415323913097382e-02
-1.430118083953857422e-01
2.488791756331920624e-02
7.997712492942810059e-02
-2.534045837819576263e-02
-2.960539609193801880e-02
7.623019069433212280e-02
-1.306698471307754517e-01
2.863910049200057983e-02
7.054718583822250366e-02
-4.736506193876266479e-02
-6.149190291762351990e-02
6.715455651283264160e-02
-1.291290074586868286e-01
-9.351048618555068970e-02
4.232692345976829529e-02
-2.947758436203002930e-01
2.051717489957809448e-01
1.967952698469161987e-01
-2.961818501353263855e-02
1.243513301014900208e-01
2.186177298426628113e-02
3.835204243659973145e-02
-8.996145799756050110e-03
-3.106388077139854431e-02
-5.886051803827285767e-02
-8.796004951000213623e-02
8.186877518892288208e-02
-1.641416735947132111e-02
1.455846801400184631e-02
3.239847486838698387e-03
