-1.746987700462341309e-01
7.447671890258789062e-02
8.125054091215133667e-02
-5.390626378357410431e-03
-1.096283202059566975e-03
-1.112050041556358337e-01
-8.174619823694229126e-02
-7.656635344028472900e-02
1.145078539848327637e-01
-3.279217332601547241e-02
2.188333123922348022e-01
6.844394840300083160e-03
-1.879815757274627686e-01
-1.778740435838699341e-01
2.575313672423362732e-02
9.834226220846176147e-02
-1.927171945571899414e-01
-9.516120702028274536e-02
9.479611180722713470e-03
-1.622376590967178345e-02
8.254005759954452515e-02
6.738781183958053589e-02
1.150447800755500793e-01
6.560329347848892212e-02
-1.379070430994033813e-01
-3.788771331310272217e-01
-1.125783920288085938e-01
-1.242136955261230469e-01
2.887219935655593872e-02
-6.631708145141601562e-02
-1.576907932758331299e-02
5.126001313328742981e-02
-2.300258278846740723e-01
-5.352858453989028931e-02
3.818475641310214996e-03
1.174334287643432617e-01
5.764083191752433777e-02
4.408856481313705444e-02
1.597122997045516968e-01
1.139186043292284012e-02
-1.469620913267135620e-01
-7.658734917640686035e-02
7.152988761663436890e-02
2.706584930419921875e-01
1.222659870982170105e-01
5.625813081860542297e-02
3.935254365205764771e-02
2.893600240349769592e-02
7.752303034067153931e-02
-2.192329615354537964e-01
5.970901250839233398e-02
1.147119998931884766e-01
1.243360713124275208e-01
3.462073951959609985e-02
1.240861415863037109e-01
-1.375888884067535400e-01
1.918040402233600616e-02
9.202904254198074341e-02
-1.349604874849319458e-01
1.082948967814445496e-01
-5.650784354656934738e-03
-3.046613186597824097e-02
-1.779684796929359436e-02
6.575605273246765137e-02
2.469413280487060547e-01
4.558343812823295593e-02
-1.136841252446174622e-01
-8.770832419395446777e-02
1.141834184527397156e-01
-9.941888600587844849e-02
-3.239473327994346619e-02
1.358973979949951172e-01
-9.498108923435211182e-02
-1.594871282577514648e-01
-3.093162775039672852e-01
2.499699778854846954e-02
3.265543282032012939e-01
3.045495226979255676e-02
-2.153051495552062988e-01
4.783333465456962585e-02
-7.960543036460876465e-02
-4.117498174309730530e-02
5.429096519947052002e-02
6.536903977394104004e-02
-7.011094689369201660e-02
1.222071051597595215e-01
-1.864438951015472412e-01
6.220167130231857300e-02
1.670956462621688843e-01
1.444419845938682556e-03
1.720883138477802277e-02
2.464276850223541260e-01
2.312459424138069153e-02
9.491265565156936646e-02
4.805944859981536865e-02
7.609086483716964722e-02
-4.639885574579238892e-02
-3.969058021903038025e-02
-1.421284824609756470e-01
8.405572734773159027e-04
1.206390857696533203e-01
-3.841567412018775940e-02
-6.528964638710021973e-02
7.055822759866714478e-02
-1.608507633209228516e-01
6.102710589766502380e-02
4.451281204819679260e-02
-5.057809129357337952e-02
-5.147527158260345459e-02
3.182716667652130127e-02
-1.191236376762390137e-01
-6.453356146812438965e-02
6.571990996599197388e-02
-2.691355943679809570e-01
1.947590559720993042e-01
1.789809763431549072e-01
-4.847926273941993713e-02
1.425061523914337158e-01
5.241326522082090378e-03
2.989022806286811829e-02
-1.688748225569725037e-02
-7.275576144456863403e-02
-5.150616914033889771e-02
-9.352605789899826050e-02
6.409694999456405640e-02
-3.573368117213249207e-02
4.860552959144115448e-03
1.837277784943580627e-03
