-1.552338451147079468e-01
7.795965671539306641e-02
1.094295233488082886e-01
-5.880601704120635986e-03
-4.952862113714218140e-02
-4.922039434313774109e-02
-1.470094546675682068e-02
-7.368546910583972931e-03
1.410389691591262817e-01
-8.726328611373901367e-02
2.052382528781890869e-01
-2.790880389511585236e-03
-1.903773695230484009e-01
-4.060786589980125427e-02
5.415518954396247864e-02
5.841533094644546509e-02
-1.295146644115447998e-01
-1.377947777509689331e-01
-6.827888637781143188e-02
-1.062109246850013733e-01
7.991851121187210083e-02
2.289985679090023041e-02
7.712336629629135132e-02
5.516025051474571228e-02
-1.447679698467254639e-01
-3.488215506076812744e-01
-5.307132378220558167e-02
-1.119331717491149902e-01
1.111350581049919128e-01
-1.359643191099166870e-01
-3.144109249114990234e-02
-7.668469101190567017e-02
-1.831042170524597168e-01
-6.246668845415115356e-02
-3.803606331348419189e-02
1.068169623613357544e-01
-5.579414218664169312e-02
-1.752261370420455933e-01
1.962012499570846558e-01
-4.564697295427322388e-02
-1.464176326990127563e-01
-2.043474465608596802e-02
5.351055413484573364e-03
2.846944332122802734e-01
9.581066668033599854e-02
2.788438228890299797e-03
3.603625670075416565e-02
-8.588740229606628418e-02
8.489441871643066406e-02
-2.327648699283599854e-01
1.493139863014221191e-01
1.249867454171180725e-01
1.069170087575912476e-01
4.877945408225059509e-02
1.027325391769409180e-01
-1.188579574227333069e-01
7.122350484132766724e-02
1.227083802223205566e-01
-2.289347350597381592e-01
8.107180893421173096e-02
2.483065426349639893e-02
6.506143510341644287e-02
1.856129243969917297e-02
-4.176383092999458313e-02
2.030488252639770508e-01
1.055462807416915894e-01
-9.445675462484359741e-02
-5.678645148873329163e-02
7.733624428510665894e-02
-1.276996433734893799e-01
6.648310925811529160e-03
1.038467362523078918e-01
-7.964220643043518066e-02
-2.479993104934692383e-01
-1.731580644845962524e-01
9.444196522235870361e-02
4.245066642761230469e-01
1.543294489383697510e-01
-1.668132245540618896e-01
3.013185970485210419e-02
-7.511025667190551758e-02
-1.100271195173263550e-01
8.578683435916900635e-02
1.196338310837745667e-01
-1.217612475156784058e-01
5.422196164727210999e-02
-1.152074635028839111e-01
1.524964570999145508e-01
1.617980897426605225e-01
1.671062596142292023e-02
-5.018681287765502930e-02
2.223378121852874756e-01
8.491682261228561401e-02
-1.950656436383724213e-02
6.643626093864440918e-02
5.981843918561935425e-02
-1.153658926486968994e-01
4.092578962445259094e-02
-1.161223724484443665e-01
-2.370841428637504578e-02
1.171327084302902222e-01
-6.898184865713119507e-02
-4.788993299007415771e-02
5.657270550727844238e-02
-1.857283413410186768e-01
1.268744766712188721e-01
4.947109892964363098e-02
-8.914143592119216919e-02
3.710464015603065491e-02
-1.939718425273895264e-02
-1.054500117897987366e-01
-8.620733022689819336e-02
9.993841499090194702e-02
-2.680730521678924561e-01
9.005018323659896851e-02
1.944939345121383667e-01
7.539987564086914062e-02
2.123320102691650391e-01
2.784715592861175537e-02
4.013235121965408325e-02
8.751739561557769775e-02
-4.676404967904090881e-02
-1.471512019634246826e-01
1.439235825091600418e-02
5.800298601388931274e-02
1.492397487163543701e-02
4.912140220403671265e-02
5.057382956147193909e-02
