-1.239968314766883850e-01
6.158815324306488037e-02
-3.865786362439393997e-03
-4.381462559103965759e-02
-2.956321462988853455e-02
-4.043263196945190430e-02
-2.443443611264228821e-02
-8.330535888671875000e-02
1.500396430492401123e-01
-3.913024812936782837e-02
2.071129232645034790e-01
-4.276929795742034912e-02
-1.493569761514663696e-01
-1.102262213826179504e-01
-7.549542188644409180e-02
6.601053476333618164e-02
-1.390441358089447021e-01
-1.542933285236358643e-01
-2.456735074520111084e-02
-1.392269786447286606e-02
-7.196018472313880920e-03
-3.957236930727958679e-02
2.879888378083705902e-02
6.801514327526092529e-02
-1.903842091560363770e-01
-3.546980023384094238e-01
-9.030130505561828613e-02
-1.180682033300399780e-01
-4.664246924221515656e-03
-5.987202748656272888e-02
-8.076038211584091187e-04
1.078559532761573792e-01
-2.381892502307891846e-01
-6.391707062721252441e-02
-1.547021511942148209e-02
7.193019986152648926e-02
-3.158272430300712585e-02
-9.844075888395309448e-03
1.532207727432250977e-01
4.632666707038879395e-02
-1.543288677930831909e-01
2.561210095882415771e-02
4.134380072355270386e-02
3.326976895332336426e-01
1.605027467012405396e-01
8.901673555374145508e-02
2.189487218856811523e-02
-6.460358202457427979e-02
4.684305936098098755e-02
-1.881444305181503296e-01
5.478165298700332642e-02
1.426096707582473755e-01
9.960658848285675049e-02
-4.621848464012145996e-02
6.474082171916961670e-02
-1.184035018086433411e-01
3.973400220274925232e-03
6.826712936162948608e-02
-1.906547248363494873e-01
3.397241607308387756e-02
-5.054228007793426514e-03
1.776961237192153931e-02
-4.325790703296661377e-02
-1.036339029669761658e-01
1.858727186918258667e-01
1.339389383792877197e-01
-7.541446387767791748e-02
-5.127575993537902832e-02
2.181755006313323975e-01
-1.506240069866180420e-01
6.791749503463506699e-03
3.204885497689247131e-02
-6.572622060775756836e-02
-2.142125219106674194e-01
-2.581268250942230225e-01
5.703198164701461792e-02
3.765510320663452148e-01
1.583150625228881836e-01
-1.099499538540840149e-01
5.228860676288604736e-02
-3.840904682874679565e-02
-4.498792067170143127e-02
1.812629029154777527e-02
5.918730422854423523e-02
-1.730894893407821655e-01
1.362223643809556961e-02
-7.948449999094009399e-02
3.602790459990501404e-02
1.526764631271362305e-01
5.900844931602478027e-02
-1.641876646317541599e-03
1.177212744951248169e-01
-2.782546356320381165e-02
-6.084478646516799927e-02
4.234915226697921753e-02
-1.616360433399677277e-02
-1.493494659662246704e-01
6.195544451475143433e-02
-1.461226642131805420e-01
-4.190718755125999451e-03
1.951499283313751221e-02
-8.136976510286331177e-02
6.323969922959804535e-03
1.504886150360107422e-01
-1.734375059604644775e-01
7.470489293336868286e-02
5.687202792614698410e-03
-1.118030250072479248e-01
1.340455655008554459e-02
6.637705862522125244e-02
-5.653923004865646362e-02
-9.337267279624938965e-02
7.756342738866806030e-02
-2.284173518419265747e-01
1.077688336372375488e-01
1.348010301589965820e-01
3.835104405879974365e-02
1.667694151401519775e-01
8.393613994121551514e-02
7.586286962032318115e-02
-2.341895177960395813e-02
3.460445255041122437e-02
-1.789571642875671387e-01
-6.772163510322570801e-02
4.528313130140304565e-02
-4.935691133141517639e-02
6.922921538352966309e-02
1.301910821348428726e-02
