-8.183268457651138306e-02
-4.730107262730598450e-02
6.713962554931640625e-02
-1.280919313430786133e-01
-8.052629232406616211e-02
-3.132721781730651855e-02
-7.764147967100143433e-02
-1.301135271787643433e-01
1.212632358074188232e-01
-2.560980021953582764e-01
1.675496697425842285e-01
-1.868346892297267914e-02
-1.811048090457916260e-01
-5.614225938916206360e-02
5.092837847769260406e-03
1.215761005878448486e-01
-8.139770478010177612e-02
-1.721090376377105713e-01
-6.628945469856262207e-02
-7.818387448787689209e-02
-1.088197715580463409e-02
6.409665942192077637e-02
7.016428560018539429e-02
1.293062865734100342e-01
-2.074399441480636597e-01
-3.636782765388488770e-01
-1.059746369719505310e-01
-1.071837618947029114e-01
-7.949838787317276001e-02
-6.207064539194107056e-02
-2.593751251697540283e-02
6.166604533791542053e-02
-1.975518167018890381e-01
3.170117735862731934e-02
2.780039235949516296e-02
1.283673644065856934e-01
2.536124549806118011e-02
-3.470093384385108948e-02
1.939021646976470947e-01
2.817388437688350677e-02
-2.669270038604736328e-01
-7.918606698513031006e-02
1.272312849760055542e-01
2.046164423227310181e-01
1.763318628072738647e-01
-5.471396725624799728e-04
6.188485771417617798e-03
-7.918316125869750977e-02
1.718388944864273071e-01
-2.548403441905975342e-01
8.653628826141357422e-02
1.052414402365684509e-01
9.012319147586822510e-03
4.325002804398536682e-02
1.231821998953819275e-01
-8.716429769992828369e-02
5.693085119128227234e-02
9.205305576324462891e-02
-1.426544189453125000e-01
2.379705943167209625e-02
-8.327350951731204987e-04
-5.923928692936897278e-02
-1.739470288157463074e-02
-5.034880340099334717e-02
2.815003693103790283e-01
1.156996637582778931e-01
-1.193137988448143005e-01
-1.586860269308090210e-01
1.850335001945495605e-01
-2.248173654079437256e-01
-1.165207698941230774e-01
8.961360901594161987e-02
-1.561336368322372437e-01
-1.334882676601409912e-01
-3.677865862846374512e-01
-3.156928718090057373e-02
3.682923614978790283e-01
2.005908042192459106e-01
-1.275412738323211670e-01
1.340301781892776489e-01
-9.217505156993865967e-02
-2.358075603842735291e-02
7.187533378601074219e-02
1.566671282052993774e-01
8.203893899917602539e-03
1.014298200607299805e-01
-4.581483546644449234e-03
8.109244704246520996e-02
2.316747009754180908e-01
2.091801911592483521e-02
-5.429709330201148987e-02
2.142494916915893555e-01
-2.175154723227024078e-02
1.064353361725807190e-01
7.423935830593109131e-02
3.556241467595100403e-02
-1.519372463226318359e-01
-7.349741458892822266e-02
-1.938463747501373291e-01
-3.035270608961582184e-03
-3.652635030448436737e-03
8.290287107229232788e-02
4.682178795337677002e-02
1.668682247400283813e-01
-1.993344575166702271e-01
1.778242439031600952e-01
-5.838500335812568665e-02
-8.522813022136688232e-02
1.244114711880683899e-02
1.055595129728317261e-01
-9.747660160064697266e-02
-1.029990613460540771e-01
5.859763175249099731e-02
-2.492791414260864258e-01
1.318970769643783569e-01
1.222853139042854309e-01
6.985425204038619995e-02
1.290633827447891235e-01
9.187978506088256836e-02
3.700603172183036804e-02
-1.160736568272113800e-02
-1.007156446576118469e-03
-1.815051436424255371e-01
-5.107174068689346313e-02
8.485805243253707886e-02
-6.882880628108978271e-02
1.032298579812049866e-01
2.284315414726734161e-02
